1608002667194705024
1608014456881095040
1608003938505020160
1608002529755733376
1608002534051520768
1608004247742692608
1608003874081318016
1608014456879701120
1608003977160533376
1608003904145283968
1608004075943986688
1608014319442135040
1608014418230085504
1608002323597295488
1608003118167073792
1608003113872633728
1608001640698726784
1608014559959761792
1608015964413483136
1608014525600125568
1608015964413482880
1608015998773222400
1608013937188879488
1608001640698323712
1608013941484533760
1608003148231229184
1608002289237553920
1608013941484658688
1608016003068773504
1608002190454136576
1608013937188877440
1608013902829132160
1608004320757283840
1608016101852444288
1608003152526812416
1608003285670003712
1608004045880010368
1608014005908364928
1608013902829130240
1608014594320045440
1608013975844411136
1608002117439069696
1608001911280423680
1608003285670007808
1608004694419302528
1608004419541379840
1608013975844396928
1608014212066802944
1608004419541554944
1608002048719384448
1608004492556609408
1608001571978846720
1608014182002826752
1608013872765181056
1608003663627134464
1608001571978847104
1608001846856752768
1608004767434516480
1608016273651146240
1608001365820816896
1608014078923611520
1608013804045075712
1608001876920678016
1608001327164869248
1608016381026068736
1608003702282627200
1608014285082027904
1608003010792084096
1608002838993365760
1608016136212198912
1608003599203411712
1608016209227377536
1608014074628027648
1608014830542286464
1608004453901131520
1608001086646973184
1608003015087859200
1608003010792081664
1608001365820431232
1608015414657663104
1608004797498534784
1608001773844932480
1608001808202520832
1608003010792274176
1608003629267392640
1608004453901138816
1608016342370630144
1608016376730373504
1608015453313132544
1608014044563747584
1608003801066315904
1608016518465023104
1608003629267396864
1608003320029727360
1608003423108950784
1608002946368255872
1608016449745545856
1608001194021738368
1608015002340793344
1608003732346610304
1608003805361842560
1608016552824761856
